TTbar_Signal 43546000 43369978 176022 43193956 831.76 0.10706 
TTbar_DiLepBKG 43546000 43369978 176022 43193956 831.76 0.10706 
DYJetsToLL_M_10To50 49267069 43104956 6162113 36942843 18610.0 1.
DYJetsToLL_M_50 71839442 60087385 11752057 48335328 6077.22 1.
DYJetsToLL_M_10To50_madgraphMLM 22388550 22388550 0 22388550 18610.0 1.
DYJetsToLL_M_50_madgraphMLM 82448537 81603983 844554 80759429 6077.22 1.
TTbar_AllHadronic 107067000 106633707 433293 106200414 831.76 0.45441 
TTbar_SemiLeptonic 144722000 144137999 584001 143553998 831.76 0.44113 
TTJets_Inclusive 90609841 61745948 28863893 32882055 831.76 1.
WJetsToLNu 28268221 23832700 4435521 19397179 61526.7 1.
WJetsToLNu-madgraphMLM 82754918 82754918 0 82754918 61526.7 1.
WW 15821000 15821000 0 15821000 118.7 1.
WZ 7584000 7584000 0 7584000 47.13 1.
ZZ 1151000 1151000 0 1151000 16.523 1.
ST_s-channel_4f_leptonDecays 5471000 4516933 954067 3562866 10.32 1.
ST_t-channel_antitop_4f_InclusiveDecays 30609000 29711798 897202 28814596 80.95 1.
ST_t-channel_top_4f_InclusiveDecays 63073000 61086111 1986889 59099222 136.02 1.
ST_tW_antitop_5f_NoFullyHadronicDecays 4002310 4002214 96 4002118 35.85 0.54559 
ST_tW_top_5f_NoFullyHadronicDecays 3368375 3368306 69 3368237 35.85 0.54559
TTWJetsToLNu 3322643 2561733 760910 1800823 0.2043 1.
TTWJetsToQQ 308983 238967 70016 168951 0.4062 1.
TTZToLLNuNu 6017000 4489928 1527072 2962856 0.2529 1. 
TTZToQQ 27569578 20760990 6808588 13952402 0.5297 1. 
