TTbar_Signal 37505000 37353537 151463 37202074 831.76 0.10706
TTbar_DiLepBKG 37505000 37353537 151463 37202074 831.76 0.10706
DYJetsToLL_M_10To50 49632553 43426456 6206097 37220359 18610.0 1.
DYJetsToLL_M_50 90947213 76069963 14877250 61192713 6077.22 1.
DYJetsToLL_M_10To50_madgraphMLM 25799525 25799525 0 25799525 18610.0 1.
DYJetsToLL_M_50_madgraphMLM 95170542 95170542 0 95170542 6077.22 1.
TTbar_AllHadronic 97260000 96867287 392713 96474574 831.76 0.45441
TTbar_SemiLeptonic 132178000 131642415 535585 131106830 831.76 0.44113
TTJets_TuneCP5_amcatnloFXFX 93965988 64035174 29930814 34104360 831.76 1.
TTJets_TuneCP5_madgraphMLM 5047017 5047017 0 5047017 831.76 1.
WJetsToLNu 28949426 24405280 4544146 19861134 61526.7 1.
WJetsToLNu_Mad 74676454 74676454 0 74676454 61526.7 1.
WJetsToLNu_madgraphMLM 153382508 153382508 0 153382508 61526.7 1.
WW 15859000 15859000 0 15859000 118.7 1.
WZ 7934000 7934000 0 7934000 47.13 1.
ZZ 1282000 1282000 0 1282000 16.523 1.
ST_s-channel_4f_leptonDecays 5518000 4555386 962614 3592772 10.32 1.
ST_t-channel_antitop_4f_InclusiveDecays 31024000 30114959 909041 29205918 80.95 1.
ST_t-channel_top_4f_InclusiveDecays 55961000 54199216 1761784 52437432 136.02 1.
ST_tW_antitop_5f_NoFullyHadronicDecays 3176485 3176410 75 3176335 35.85 0.54559
ST_tW_top_5f_NoFullyHadronicDecays 3294673 3294579 94 3294485 35.85 0.54559
TTWJetsToLNu 2850164 2196727 653437 1543290 0.2043 1.
TTWJetsToQQ 271496 210169 61327 148842 0.4062 1.
TTZToLLNuNu 5792000 4324313 1467687 2856626 0.2529 1.
TTZToQQ 38594771 29032487 9562284 19470203 0.5297 1.

