TTbar_Signal 106724000 106291995 432005 105859990 831.76 0.10706
TTbar_DiLepBKG 106724000 106291995 432005 105859990 831.76 0.10706
DYJetsToLL_M_10To50 95894507 83906895 11987612 71919283 18610.0 1.
DYJetsToLL_M_50 195529774 163541099 31988675 131552424 6077.22 1.
DYJetsToLL_M_10To50_madgraphMLM 68480179 68000700 479479 67521221 18610.0 1.
DYJetsToLL_M_50_madgraphMLM 100865609 100565603 300006 100265597 6077.22 1.
TTbar_AllHadronic 232999999 222439999 10560000 211879999 831.76 0.45441
TTbar_SemiLeptonic 346052000 331492000 14560000 316932000 831.76 0.44113
TTJets_TuneCP5_amcatnloFXFX 248174388 248174388 0 248174388 831.76 1.
TTJets_TuneCP5_madgraphMLM 10052151 8052805 1999346 6053459 831.76 1.
WJetsToLNu 26454101 26288378 165723 26122655 61526.7 1.
WJetsToLNu_madgraphMLM 79936459 78988659 947800 78040859 61526.7 1.
WW 15634000 15634000 0 15634000 118.7 1.
WZ 7889000 7889000 0 7889000 47.13 1.
ZZ 2706000 2706000 0 2706000 16.523 1.
ST_s-channel_4f_leptonDecays 13620000 11243285 2376715 8866570 10.32 1.
ST_t-channel_antitop_4f_InclusiveDecays 69793000 67747077 2045923 65701154 80.95 1.
ST_t-channel_top_4f_InclusiveDecays 129903000 125815626 4087374 121728252 136.02 1.
ST_tW_antitop_5f_NoFullyHadronicDecays 8433998 8433780 218 8433562 35.85 0.54559
ST_tW_top_5f_NoFullyHadronicDecays 8507203 8506984 219 8506765 35.85 0.54559
TTWJetsToLNu 7140411 5505733 1634678 3871055 0.2043 1.
TTWJetsToQQ 655018 507012 148006 359006 0.4062 1.
TTZToLLNuNu 14036000 10473733 3562267 6911466 0.2529 1.
TTZToQQ 59936657 45128687 14807970 30320717 0.5297 1.
